ID : Type
1   2
2   1
3   1
4   1
5   1
6   1
7   1
8   1
9   1
10  1
11  2
ID : Members
1   1   2   3   4   5   6   7   8   9   10  14
2   14  11  12  13  15  16  17  18  19  20  24
3   24  21  22  23  25  26  27  28  29  30  34
4   34  31  32  33  35  36  37  38  39  40  44
5   44  41  42  43  45  46  47  48  49  50  54
6   54  51  52  53  55  56  57  58  59  60  64
7   64  61  62  63  65  66  67  68  69  70  74
8   74  71  72  73  75  76  77  78  79  80  84
9   84  81  82  83  85  86  87  88  89  90  94
10  94  91  92  93  95  96  97  98  99  100 104
11  104 101 102 103 105 106 107 108 109 110 111
ID : Weights
1   1.0 1.0 1.0 1.0 1.0 1.0 1.0 1.0 1.0 1.0 0.5
2   0.5 1.0 1.0 1.0 1.0 1.0 1.0 1.0 1.0 1.0 0.5
3   0.5 1.0 1.0 1.0 1.0 1.0 1.0 1.0 1.0 1.0 0.5
4   0.5 1.0 1.0 1.0 1.0 1.0 1.0 1.0 1.0 1.0 0.5
5   0.5 1.0 1.0 1.0 1.0 1.0 1.0 1.0 1.0 1.0 0.5
6   0.5 1.0 1.0 1.0 1.0 1.0 1.0 1.0 1.0 1.0 0.5
7   0.5 1.0 1.0 1.0 1.0 1.0 1.0 1.0 1.0 1.0 0.5
8   0.5 1.0 1.0 1.0 1.0 1.0 1.0 1.0 1.0 1.0 0.5
9   0.5 1.0 1.0 1.0 1.0 1.0 1.0 1.0 1.0 1.0 0.5
10  0.5 1.0 1.0 1.0 1.0 1.0 1.0 1.0 1.0 1.0 0.5
11  0.5 1.0 1.0 1.0 1.0 1.0 1.0 1.0 1.0 1.0 1.0
